cmd: ./a.out
events: Ir
fl=./csu/../csu/libc-start.c
fn=__libc_start_main@@GLIBC_2.34
128 2
134 3
135 7
138 1
139 2
142 3
143 2
144 11
145 4
242 13
311 3
312 3
337 6
340 2
343 2
350 2
352 2
360 4
fl=./csu/../sysdeps/nptl/libc_start_call_main.h
fn=(below main)
29 9
44 3
46 2
51 2
52 2
55 2
58 6
74 2
fl=./csu/./csu/init-first.c
fn=_init_first
46 6
51 2
55 5
61 1
62 1
63 2
71 2
72 3
fl=./ctype/./ctype/ctype-info.c
fn=__ctype_init
29 1
31 7
33 4
35 4
36 1
fl=./debug/../sysdeps/x86_64/multiarch/ifunc-memmove.h
fn=__memcpy_chk
56 2
57 3
60 3
61 2
74 2
77 2
85 2
93 2
96 5
fn=__memmove_chk
56 2
57 3
60 3
61 2
74 2
77 2
85 2
93 2
96 5
fn=__mempcpy_chk
56 2
57 3
60 3
61 2
74 2
77 2
85 2
93 2
96 5
fl=./debug/../sysdeps/x86_64/multiarch/ifunc-memset.h
fn=__memset_chk
54 5
57 3
58 2
64 2
73 2
75 2
85 2
93 2
96 5
fl=./debug/../sysdeps/x86_64/multiarch/memcpy_chk.c
fn=__memcpy_chk
29 1
fl=./debug/../sysdeps/x86_64/multiarch/memmove_chk.c
fn=__memmove_chk
29 1
fl=./debug/../sysdeps/x86_64/multiarch/mempcpy_chk.c
fn=__mempcpy_chk
29 1
fl=./debug/../sysdeps/x86_64/multiarch/memset_chk.c
fn=__memset_chk
29 1
fl=./debug/./debug/printf_chk.c
fn=__printf_chk
25 39
28 12
32 18
33 12
37 15
fl=./elf/../bits/stdlib-bsearch.h
fn=intel_check_word.constprop.0
27 96
28 48
29 744
31 648
32 348
35 264
37 120
fl=./elf/../elf/dl-tls.c
fn=_dl_add_to_slotinfo
1017 9
1023 1
1026 1
1027 1
1031 3
1065 2
1068 2
1069 3
1072 6
fn=_dl_allocate_tls_init
523 11
524 2
528 2
531 1
534 2
537 3
549 1
554 17
560 5
563 3
564 2
570 3
571 2
573 10
576 2
577 2
580 2
581 4
583 2
584 2
593 1
601 2
603 10
609 1
615 2
618 2
621 9
fn=_dl_allocate_tls_storage
365 1
369 1
370 1
371 2
374 1
380 2
417 7
419 1
430 1
431 1
432 2
440 6
441 1
445 305
464 1
470 7
fn=_dl_assign_tls_modid
125 4
128 2
141 1
181 1
183 1
186 1
187 2
fn=_dl_count_modids
192 1
194 2
195 1
210 2
fn=_dl_determine_tlsoffset
216 9
217 1
218 1
219 1
222 4
225 2
259 1
261 11
263 5
265 3
266 2
268 2
270 5
281 1
286 8
288 2
289 1
294 1
301 1
302 7
304 2
354 1
355 8
fn=_dl_tls_static_surplus_init
83 3
97 8
100 6
101 5
102 3
104 4
107 1
109 1
111 3
112 6
fl=./elf/../include/list.h
fn=__tls_init_tp
43 2
44 2
45 1
47 1
fl=./elf/../include/rtld-malloc.h
fn=__minimal_calloc
56 10
fn=_dl_allocate_tls_storage
44 2
56 1
fn=_dl_check_map_versions
44 12
fn=_dl_find_object_init
56 2
fn=_dl_important_hwcaps
56 4
fn=_dl_init_paths
56 5
fn=_dl_map_object_deps
56 8
fn=_dl_new_object
44 12
56 9
fn=fillin_rpath.isra.0
50 2
51 1
56 2
fn=init_tls
44 2
fl=./elf/../include/scratch_buffer.h
fn=_dl_map_object_deps
77 2
78 1
85 3
131 12
fl=./elf/../misc/sbrk.c
fn=sbrk
37 6
40 1
58 2
62 2
78 5
fl=./elf/../nptl/nptl-stack.h
fn=__libc_early_init
61 8
fl=./elf/../sysdeps/generic/_itoa.h
fn=_dl_check_map_versions
76 9
fl=./elf/../sysdeps/generic/dl-cache.h
fn=_dl_load_cache_lookup
125 2
194 1
195 5
fl=./elf/../sysdeps/generic/dl-call_tls_init_tp.h
fn=init_tls
31 8
33 1
fl=./elf/../sysdeps/generic/dl-debug.h
fn=dl_main
29 4
30 1
fl=./elf/../sysdeps/generic/dl-hash.h
fn=__rtld_malloc_init_real
43 1
44 1
45 19
48 18
62 24
67 1
72 1
fl=./elf/../sysdeps/generic/dl-new-hash.h
fn=_dl_lookup_symbol_x
69 127
70 254
74 990
77 1980
80 918
81 1836
87 55
88 55
89 110
90 55
99 863
101 863
102 1726
104 863
105 863
fl=./elf/../sysdeps/generic/dl-protected.h
fn=do_lookup_x
29 468
fl=./elf/../sysdeps/generic/ldsodefs.h
fn=_dl_relocate_object
79 43
140 390
fn=_dl_start
79 6
fn=do_lookup_x
139 234
140 351
fl=./elf/../sysdeps/nptl/dl-mutex.c
fn=__rtld_mutex_init
30 7
37 1
40 7
44 2
45 9
47 6
51 2
52 7
53 6
fl=./elf/../sysdeps/nptl/dl-tls_init_tp.c
fn=__tls_init_tp
68 5
69 1
72 1
75 4
76 2
77 1
82 2
87 4
90 1
93 3
105 4
121 3
128 2
129 3
fn=__tls_pre_init_tp
53 3
56 10
61 2
62 1
64 1
fn=rtld_mutex_dummy
42 10
44 20
fl=./elf/../sysdeps/nptl/pthread_early_init.h
fn=__libc_early_init
33 6
34 1
38 5
45 2
46 1
48 2
52 5
53 1
54 1
56 1
fl=./elf/../sysdeps/posix/dl-fileid.h
fn=_dl_map_object_from_fd
37 12
40 12
49 24
fl=./elf/../sysdeps/unix/sysv/linux/brk.c
fn=brk
36 1
37 1
38 2
44 1
45 1
fl=./elf/../sysdeps/unix/sysv/linux/brk_call.h
fn=brk
24 2
fl=./elf/../sysdeps/unix/sysv/linux/dl-osinfo.h
fn=dl_main
39 2
52 1
fl=./elf/../sysdeps/unix/sysv/linux/dl-parse_auxv.h
fn=_dl_sysdep_parse_arguments
32 2
33 1
34 1
41 93
42 44
43 44
45 1
46 2
47 2
48 2
49 1
51 2
52 2
53 2
54 2
56 2
fl=./elf/../sysdeps/unix/sysv/linux/dl-sysdep.c
fn=_dl_sysdep_parse_arguments
78 7
79 2
80 2
81 3
82 52
83 107
86 2
90 56
93 5
94 2
95 3
96 6
fn=_dl_sysdep_start
102 6
103 1
106 2
110 2
113 1
115 2
122 3
123 2
125 5
137 3
140 5
143 4
fn=_dl_sysdep_start_cleanup
147 1
148 1
fl=./elf/../sysdeps/unix/sysv/linux/dl-vdso-setup.h
fn=dl_main
30 1
33 1
36 1
39 1
45 1
fl=./elf/../sysdeps/unix/sysv/linux/dl-vdso.h
fn=dl_main
40 2
41 5
55 2
fl=./elf/../sysdeps/unix/sysv/linux/rseq-internal.h
fn=__tls_init_tp
32 3
34 7
37 2
40 1
fl=./elf/../sysdeps/unix/sysv/linux/x86/dl-hwcap2.h
fn=update_active.constprop.0
25 2
fl=./elf/../sysdeps/unix/sysv/linux/x86/dl-minsigstacksize.h
fn=get_common_indices.constprop.0
24 2
27 2
28 2
65 3
72 1
74 1
fl=./elf/../sysdeps/x86/cpu-features.c
fn=get_common_indices.constprop.0
398 3
402 4
405 5
409 1
410 4
411 4
412 4
413 3
414 2
421 2
423 9
428 8
435 2
436 7
442 2
457 3
fn=init_cpu_features.constprop.0
376 3
377 2
378 6
383 2
384 6
389 2
390 7
682 8
685 1
686 1
687 1
690 1
699 3
702 6
703 1
706 2
708 6
713 1
715 3
717 9
721 7
774 3
781 2
799 1
832 2
866 4
869 2
870 1
878 2
885 2
887 2
891 2
897 2
899 1
1001 3
1002 2
1005 2
1006 2
1012 1
1013 1
1014 1
1015 2
1019 4
1022 4
1028 3
1041 2
1042 4
1081 1
1082 2
1086 3
1103 2
1104 2
1106 3
1107 2
1109 3
1110 2
1113 2
1127 4
1129 4
1135 4
1142 8
fn=update_active.constprop.0
72 8
76 1
84 3
85 3
86 1
94 4
95 1
103 4
104 1
109 4
112 4
113 1
116 5
117 2
121 5
122 3
123 3
124 2
128 5
129 5
130 3
132 2
133 4
147 2
151 7
152 4
154 3
158 4
161 1
164 2
166 2
170 1
171 1
178 4
180 5
186 4
188 5
190 4
195 5
244 3
245 3
261 4
277 2
281 2
282 1
285 4
289 2
293 3
294 2
296 1
297 1
300 2
302 1
305 2
356 5
360 3
369 1
370 8
fl=./elf/../sysdeps/x86/dl-cacheinfo.h
fn=get_common_cache_info.constprop.0
571 11
586 1
587 1
588 2
589 1
590 2
596 3
598 7
601 2
613 1
618 3
622 2
627 5
630 24
637 8
640 26
645 2
649 3
650 2
654 2
658 3
661 4
662 1
667 4
673 4
681 6
683 2
685 4
687 12
689 1
690 1
691 9
693 4
696 7
701 1
703 4
704 3
705 1
708 2
711 2
718 1
720 4
721 1
726 2
731 2
732 1
733 2
734 1
759 3
770 5
771 5
775 2
782 1
783 2
784 1
785 7
fn=handle_intel.constprop.0
250 108
255 24
261 12
262 12
267 48
271 24
276 24
279 60
281 24
284 60
286 24
305 96
fn=init_cpu_features.constprop.0
792 1
793 1
795 1
809 2
811 3
812 3
813 3
814 2
817 3
819 3
820 2
822 3
824 3
825 1
827 3
829 3
830 2
832 3
834 3
836 3
838 5
894 2
895 2
896 2
897 2
898 2
899 2
900 1
901 1
902 1
903 1
904 1
905 1
907 1
910 3
924 3
925 7
930 2
931 6
932 2
939 3
959 6
968 2
969 2
974 12
987 5
995 7
997 2
1000 5
1002 2
1005 5
1006 5
1010 6
1011 3
1017 7
1020 11
1021 10
1022 13
1025 10
1027 10
1040 4
1042 2
1043 2
1044 1
1045 1
1046 1
1047 1
fn=intel_check_word.constprop.0
110 648
113 324
119 216
123 48
125 12
129 120
131 144
133 60
135 120
143 120
152 12
155 138
158 99
162 58
164 189
167 120
168 72
169 60
170 48
172 11
174 22
176 12
177 16
178 12
179 20
180 14
181 12
183 8
184 12
187 21
190 2
194 192
202 168
216 48
246 144
fl=./elf/../sysdeps/x86/dl-get-cpu-features.c
fn=__x86_cpu_features
39 3
71 3
fn=_dl_x86_init_cpu_features
37 1
39 3
41 1
fl=./elf/../sysdeps/x86/dl-isa-level.h
fn=_dl_load_cache_lookup
28 12
fl=./elf/../sysdeps/x86/dl-procinfo.h
fn=_dl_load_cache_lookup
39 4
42 14
fl=./elf/../sysdeps/x86/dl-prop.h
fn=_dl_map_object_from_fd
149 12
fn=_dl_process_pt_gnu_property
95 24
102 12
115 12
118 6
252 4
253 2
254 8
255 4
257 24
258 2
260 6
fn=dl_main
36 2
37 18
40 8
49 28
53 23
71 2
149 4
235 4
236 2
fl=./elf/../sysdeps/x86/get-isa-level.h
fn=_dl_hwcaps_subdirs_active
30 4
31 1
32 3
36 3
39 4
40 4
45 4
48 2
51 5
53 4
54 2
55 2
58 4
fn=update_active.constprop.0
28 1
30 4
31 1
32 3
36 3
38 1
39 2
40 4
45 4
47 1
48 2
51 5
53 4
54 2
55 2
57 1
58 4
fl=./elf/../sysdeps/x86_64/dl-cet.c
fn=_dl_cet_check
145 2
157 2
173 1
179 1
275 2
276 1
277 2
282 4
283 3
285 2
293 5
296 1
300 2
301 1
302 2
303 2
304 2
305 2
308 1
310 1
313 2
361 8
363 6
fn=_dl_cet_setup_features
331 1
334 2
350 1
fl=./elf/../sysdeps/x86_64/dl-hwcaps-subdirs.c
fn=_dl_hwcaps_subdirs_active
29 1
38 3
43 1
48 1
52 1
fl=./elf/../sysdeps/x86_64/dl-machine.h
fn=_dl_relocate_object
81 18
267 290
274 290
278 290
287 1424
290 302
291 94
292 540
295 8
296 12
307 8
314 20
317 870
320 41
323 41
393 25
400 48
402 64
406 48
415 32
423 258
436 7
460 3
464 4
465 4
466 5
467 2
476 94
478 47
479 47
498 63
499 21
503 42
504 42
730 10
734 8
fn=_dl_start
55 1
278 9
287 27
290 6
291 12
317 8
323 2
fn=_dl_sysdep_start
220 1
fl=./elf/./dl-find_object.h
fn=_dl_find_object_from_map
95 10
96 10
97 5
103 25
104 145
105 100
107 15
112 5
fl=./elf/./dl-hwcaps.h
fn=_dl_important_hwcaps
43 9
45 7
46 1
77 8
78 8
79 7
fl=./elf/./dl-load.h
fn=_dl_map_object_from_fd
91 24
92 8
93 10
94 8
96 8
fl=./elf/./dl-main.h
fn=dl_main
109 5
fl=./elf/./dl-map-segments.h
fn=_dl_map_object_from_fd
28 9
29 27
81 3
101 3
102 9
105 9
106 6
108 6
125 3
135 72
137 36
139 90
149 48
155 6
156 3
157 9
158 6
160 6
165 6
168 9
176 21
182 6
186 8
189 2
194 12
fl=./elf/./dl-sym-post.h
fn=lookup_malloc_symbol
41 8
53 12
fl=./elf/./dl-tunable-types.h
fn=__GI___tunable_set_val
84 5
fl=./elf/./elf/dl-audit.c
fn=_dl_audit_activity_map
29 7
30 1
31 3
37 6
fn=_dl_audit_activity_nsid
41 3
45 12
46 3
47 15
fn=_dl_audit_objclose
97 5
98 20
fn=_dl_audit_objopen
77 3
78 12
fn=_dl_audit_preinit
118 1
119 4
fl=./elf/./elf/dl-cache.c
fn=_dl_cache_libcmp
357 38
358 243
360 327
362 117
368 16
369 12
370 105
372 105
374 8
380 210
382 210
383 48
386 89
387 89
390 28
fn=_dl_load_cache_lookup
191 32
205 2
208 16
210 20
211 4
213 10
220 38
222 100
223 32
227 48
231 48
232 32
240 10
242 6
245 6
247 18
249 3
259 4
269 6
270 8
286 14
295 4
298 4
301 2
302 6
330 4
346 14
347 6
349 8
403 20
405 4
408 6
411 5
419 5
420 8
423 6
424 1
431 1
432 2
477 3
482 6
485 6
500 4
512 6
513 30
514 8
515 2
516 16
fn=_dl_unload_cache
525 3
526 4
528 2
529 1
533 1
535 2
fl=./elf/./elf/dl-call-libc-early-init.c
fn=_dl_call_libc_early_init
27 7
29 2
33 5
37 2
39 4
40 2
41 3
fl=./elf/./elf/dl-call_fini.c
fn=_dl_call_fini
24 40
28 10
32 5
34 5
35 10
38 6
39 9
42 28
43 4
47 5
48 10
49 9
50 27
fl=./elf/./elf/dl-catch.c
fn=_dl_catch_error
254 24
256 4
257 4
258 4
259 4
261 12
fn=_dl_catch_exception
58 15
59 10
69 10
70 25
204 40
207 10
214 5
228 5
229 10
235 30
237 15
239 20
248 15
fn=_dl_receive_error
58 2
59 1
69 2
70 2
186 7
188 1
192 1
194 1
197 1
198 4
fl=./elf/./elf/dl-debug.c
fn=_dl_debug_initialize
56 3
57 1
59 2
61 2
63 3
64 1
85 3
90 3
91 2
92 1
95 3
96 6
99 2
107 2
fn=_dl_debug_state
116 2
117 2
fn=_dl_debug_update
38 4
40 8
41 4
44 8
48 4
fl=./elf/./elf/dl-deps.c
fn=_dl_map_object_deps
128 5
129 9
130 10
132 3
136 12
143 13
144 20
160 13
161 2
164 1
182 1
183 6
184 1
188 11
190 17
193 5
197 15
198 32
201 12
205 6
208 18
210 12
215 3
216 3
217 6
218 6
219 3
221 349
222 164
228 32
230 3
232 12
233 6
242 3
244 6
249 14
252 2
253 2
254 2
255 4
256 2
257 2
259 8
263 9
264 6
266 237
417 10
419 15
422 6
423 12
429 3
430 15
431 15
434 3
435 6
439 15
441 5
442 22
448 5
449 1
452 4
463 5
465 4
470 5
471 1
472 2
474 19
478 5
483 10
485 15
490 5
494 2
495 3
532 2
533 2
547 9
552 9
553 5
557 1
559 2
560 1
561 3
568 3
571 2
574 8
fn=openaux
61 18
64 33
65 3
68 3
69 9
fl=./elf/./elf/dl-environ.c
fn=_dl_next_ld_env_entry
28 3
29 3
32 159
34 104
35 18
37 2
40 4
42 2
45 50
49 1
fl=./elf/./elf/dl-find_object.c
fn=_dl_find_object_init
561 5
564 1
566 2
567 3
579 2
580 3
582 2
585 2
590 1
591 1
594 3
596 2
599 6
601 1
604 4
fn=_dlfo_process_initial
474 8
475 2
477 2
478 4
504 24
505 26
506 10
508 36
511 32
513 24
515 8
516 8
517 16
529 2
531 8
fn=_dlfo_sort_mappings
536 1
537 2
540 16
544 6
545 33
546 30
548 3
549 3
553 12
554 15
555 6
557 1
fl=./elf/./elf/dl-fini.c
fn=_dl_fini
26 11
43 1
46 13
49 2
51 1
54 2
56 5
61 1
63 4
68 18
73 19
75 10
77 10
79 10
80 5
81 5
85 5
87 6
88 6
94 6
103 2
108 31
110 5
112 10
114 20
117 10
122 5
126 5
132 6
134 1
138 2
145 8
fl=./elf/./elf/dl-hwcaps.c
fn=_dl_important_hwcaps
52 16
54 2
55 4
56 2
57 2
77 16
80 16
84 2
86 6
87 2
88 2
100 5
102 3
105 1
108 1
112 5
125 12
127 10
128 4
129 4
130 2
133 3
142 13
143 11
145 8
151 5
155 4
156 3
157 3
161 1
162 2
163 2
172 14
174 2
175 3
185 2
186 3
189 3
193 2
194 2
201 1
202 5
208 2
209 1
213 3
216 9
fl=./elf/./elf/dl-hwcaps_split.c
fn=_dl_hwcaps_split
25 5
26 3
27 1
47 4
fn=_dl_hwcaps_split_masked
26 44
30 24
34 78
35 12
36 24
41 36
42 18
43 12
45 6
51 110
55 5
56 18
57 27
58 24
60 6
62 88
67 12
fl=./elf/./elf/dl-init.c
fn=_dl_init
29 12
35 30
37 31
81 13
82 1
83 1
86 3
89 2
94 4
119 1
120 24
121 10
127 8
fn=call_init.part.0
26 60
43 15
46 15
47 2
51 8
59 12
60 12
63 4
64 8
70 9
72 6
73 31
74 16
76 40
fl=./elf/./elf/dl-load.c
fn=_dl_dst_count
238 27
241 6
244 6
245 3
264 27
fn=_dl_init_paths
706 13
720 4
725 1
727 3
734 3
735 2
739 4
741 4
747 1
748 1
756 8
758 8
759 4
761 5
762 7
763 4
766 13
767 10
768 18
770 32
776 1
777 1
782 1
785 3
787 4
789 3
806 1
808 3
822 2
825 5
827 23
831 2
832 60
833 14
834 28
836 1
837 1
838 2
844 6
847 3
853 1
857 8
fn=_dl_map_object
682 20
696 10
1967 60
1969 3
1975 10
1976 20
1979 97
1984 112
1986 80
1990 28
1991 42
1994 30
1995 18
1996 30
2010 12
2011 9
2019 9
2034 3
2036 15
2040 8
2042 4
2049 8
2053 2
2054 2
2058 6
2059 2
2073 10
2074 14
2075 2
2084 4
2099 4
2100 32
2106 6
2107 2
2115 2
2129 4
2130 2
2131 6
2135 6
2137 4
2141 4
2149 4
2172 18
2176 6
2177 2
2194 4
2200 1
2201 4
2202 2
2203 2
2207 9
2210 3
2222 12
2267 6
2268 52
2270 48
fn=_dl_map_object_from_fd
944 42
959 12
989 48
990 18
1008 6
1036 12
1046 6
1053 24
1054 6
1065 6
1066 9
1067 6
1069 9
1070 12
1071 4
1074 17
1075 6
1086 3
1088 3
1090 66
1091 3
1092 3
1093 3
1094 3
1100 126
1101 309
1107 6
1114 7
1115 9
1116 30
1121 2
1122 1
1127 93
1135 60
1136 78
1137 60
1138 12
1139 24
1141 84
1143 24
1156 24
1157 45
1162 12
1163 123
1176 3
1180 4
1181 1
1185 5
1186 2
1189 1
1194 4
1209 6
1210 3
1213 9
1218 21
1228 57
1229 24
1235 6
1245 12
1252 21
1264 3
1268 12
1269 9
1275 6
1276 6
1278 6
1288 9
1307 9
1309 18
1361 9
1362 2
1368 102
1369 168
1375 48
1380 12
1393 6
1395 12
1397 6
1413 6
1417 6
1418 6
1435 6
1436 1
1439 6
1444 6
1449 6
1461 24
1462 9
1463 18
1464 6
1465 5
1471 6
1472 4
1477 2
1484 9
1487 6
1491 9
1492 9
1510 6
1514 21
1515 12
1519 27
fn=_dl_process_pt_gnu_property
868 12
869 8
870 4
876 8
882 20
885 12
886 8
887 8
890 12
891 12
895 4
896 8
900 12
901 6
904 12
907 6
908 24
918 12
920 16
fn=expand_dynamic_string_token
241 6
244 4
385 20
399 4
410 14
fn=fillin_rpath.isra.0
468 17
472 1
474 12
481 2
483 6
487 2
492 3
493 2
500 5
505 2
509 15
510 8
528 4
532 4
534 2
538 1
539 2
540 4
541 1
543 2
549 4
550 14
551 4
553 2
554 3
555 1
561 2
562 1
565 3
571 1
574 8
fn=open_path
1812 22
1813 4
1816 2
1817 2
1819 4
1822 4
1824 44
1827 4
1831 2
1835 12
1842 12
1843 45
1846 12
1851 44
1854 11
1860 12
1863 32
1865 12
1867 6
1872 6
1873 21
1879 15
1881 22
1882 8
1884 3
1891 12
1893 3
1937 16
1941 2
1943 8
1946 6
1960 18
fn=open_verify.constprop.0
1572 84
1604 21
1609 8
1623 35
1625 14
1633 3
1634 9
1639 18
1641 6
1643 6
1645 6
1651 6
1668 42
1749 6
1754 6
1760 12
1766 6
1772 12
1773 12
1777 16
1778 5
1799 63
fl=./elf/./elf/dl-lookup-direct.c
fn=_dl_lookup_direct
32 15
33 9
35 6
36 6
48 9
51 6
53 21
57 9
58 21
59 15
74 39
76 6
78 21
79 6
81 12
84 25
86 12
93 6
115 3
116 27
fl=./elf/./elf/dl-lookup.c
fn=_dl_lookup_symbol_x
772 1651
774 254
775 508
778 127
782 484
785 254
787 254
791 1828
792 2159
797 635
799 60
816 127
817 30
820 254
821 803
828 157
856 468
870 351
871 2
873 234
890 468
892 1143
fn=check_match
70 1860
73 992
78 14
86 605
89 602
93 121
94 242
96 238
115 238
116 952
117 575
118 8
119 8
144 4
146 12
147 8
161 117
162 992
fn=do_lookup_x
347 1778
348 127
353 127
354 127
358 1072
361 1072
365 1334
386 1070
390 1070
396 1605
400 535
401 535
404 2675
405 1605
408 535
409 1070
411 535
412 381
413 1070
415 889
416 2140
419 3745
422 244
423 366
424 244
426 244
429 1415
431 372
432 3078
433 248
436 372
439 512
461 936
470 40
476 234
483 900
487 27
499 234
500 117
501 117
518 1257
521 10
522 1016
fl=./elf/./elf/dl-minimal-malloc.c
fn=__minimal_calloc
80 50
84 10
87 10
88 30
fn=__minimal_free
97 1
99 4
fn=__minimal_malloc
36 232
37 87
42 3
43 2
44 2
48 115
51 195
56 8
57 8
59 2
60 16
62 4
64 8
65 6
67 6
70 29
71 31
73 174
fl=./elf/./elf/dl-minimal.c
fn=__rtld_malloc_init_real
76 10
86 2
87 1
89 1
91 6
92 5
93 5
94 4
99 1
100 1
101 1
102 1
103 8
fn=__rtld_malloc_init_stubs
42 1
43 2
44 2
45 2
46 2
47 1
fn=lookup_malloc_symbol
61 36
63 4
64 28
68 28
69 28
71 4
72 24
fn=strsep
239 2
242 4
244 2
245 4
247 2
249 47
251 28
254 56
256 84
264 14
267 1
271 4
fl=./elf/./elf/dl-misc.c
fn=_dl_name_match_p
68 203
69 116
70 5
72 29
74 118
75 175
80 30
82 24
83 116
fn=_dl_sysdep_read_whole_file
36 11
39 3
40 2
42 6
44 2
47 2
49 8
60 3
63 8
fl=./elf/./elf/dl-object.c
fn=_dl_add_to_namespace_list
31 36
33 12
35 35
38 36
40 3
42 3
45 2
46 12
47 8
48 8
50 8
51 20
fn=_dl_new_object
59 60
62 8
64 2
66 3
67 2
71 6
77 2
80 6
83 16
87 6
92 3
95 8
98 4
99 4
100 8
103 8
104 28
106 4
119 18
123 3
125 1
127 28
130 8
131 8
132 4
136 4
139 36
141 20
149 8
150 4
153 1
155 24
157 12
160 10
164 12
168 21
176 1
179 8
189 16
191 12
195 9
199 6
200 6
208 3
212 3
245 12
250 124
251 124
255 6
256 3
259 3
263 36
fl=./elf/./elf/dl-reloc.c
fn=_dl_relocate_object
170 768
171 260
174 1361
175 84
177 7
178 28
182 246
183 123
184 123
186 990
187 585
188 234
190 930
193 123
194 861
196 7
207 66
208 12
220 10
221 15
224 20
226 15
228 5
229 15
251 25
252 10
253 3
255 10
262 15
301 10102
304 25
328 5
331 10
348 15
350 48
356 30
359 10
363 10
364 30
fl=./elf/./elf/dl-setup_hash.c
fn=_dl_setup_hash
25 10
28 15
31 15
32 10
33 5
34 5
36 15
37 5
38 15
40 5
41 10
43 5
45 15
50 5
fl=./elf/./elf/dl-sort-maps.c
fn=_dl_sort_maps
140 50
181 2
182 4
183 40
184 20
211 34
216 4
218 2
219 10
221 32
223 10
226 30
244 8
263 8
276 8
283 2
298 26
306 6
310 18
fn=_dl_sort_maps_init
289 4
290 4
291 1
292 3
293 2
fn=dfs_traversal.part.0
135 90
140 30
143 10
145 30
147 88
156 35
171 30
172 10
173 60
fl=./elf/./elf/dl-tunables.c
fn=__GI___tunable_set_val
72 50
82 5
93 40
94 25
97 10
100 35
104 10
111 10
112 10
115 25
116 5
117 5
118 5
153 30
157 15
fn=__GI___tunables_init
42 265
45 52
48 4417
52 104
56 208
128 1
261 10
267 4
281 8528
283 2
287 15444
304 8
fn=__tunable_get_val
387 74
390 438
399 48
400 14
409 29
416 222
418 37
fl=./elf/./elf/dl-tunables.h
fn=__GI___tunable_set_val
141 10
142 10
151 5
fn=__GI___tunables_init
160 980
161 2422
fl=./elf/./elf/dl-version.c
fn=_dl_check_all_versions
392 7
394 1
396 20
397 5
398 45
401 7
fn=_dl_check_map_versions
36 44
37 10
38 68
56 40
64 30
70 30
86 10
87 20
89 10
94 268
108 218
110 10
113 80
120 297
124 99
155 50
156 5
164 8
170 15
172 25
174 5
175 5
177 10
180 9
184 24
200 9
208 9
213 9
215 7
217 40
218 80
221 20
224 30
228 6
231 40
234 30
239 7
243 9
257 20
260 4
263 198
266 148
270 46
274 12
279 4
280 16
281 12
291 4
294 22
296 8
299 12
303 9
306 30
308 40
310 50
311 20
312 30
313 30
316 30
321 7
324 9
334 8
337 4
341 46
343 96
347 46
348 230
349 138
350 46
353 144
357 46
365 4
366 6
367 6
368 2
370 4
372 124
373 60
375 2
376 7
387 45
fl=./elf/./elf/do-rel.h
fn=_dl_relocate_object
49 30
50 30
51 5
53 50
72 4
73 5
80 30
114 30
123 86
124 42
126 30
129 32
131 784
133 930
134 744
135 558
136 744
138 558
141 188
142 47
143 47
147 139
150 433
151 123
164 16
165 211
166 189
169 141
171 188
172 47
173 94
180 31
182 42
183 12
185 18
193 6
196 18
211 7
fn=_dl_start
49 6
50 4
51 1
53 10
56 4
61 13
63 9
64 6
65 3
fl=./elf/./elf/get-dynamic-info.h
fn=_dl_map_object_from_fd
39 6
43 3
45 301
49 146
51 38
52 19
53 3
54 67
55 55
56 15
59 12
62 12
64 12
68 73
72 12
84 10
85 12
86 12
87 12
88 10
89 11
90 11
91 12
103 24
110 10
115 4
122 4
123 9
129 9
130 3
147 9
152 4
154 4
156 4
158 4
159 4
162 9
164 9
165 6
174 6
175 9
180 6
181 6
184 6
fl=./elf/./elf/libc_early_init.c
fn=__libc_early_init
33 9
35 1
38 2
41 2
47 4
49 2
fl=./elf/./elf/rtld.c
fn=_dl_start
85 8
458 2
476 3
477 1
478 2
488 1
494 4
496 2
517 16
543 1
546 2
547 4
563 190
565 1
578 1
585 9
fn=dl_main
85 17
92 12
93 2
101 9
197 2
199 1
224 3
225 5
226 4
296 3
302 1
303 1
837 1
839 1
848 1
850 1
855 1
1115 1
1116 1
1118 1
1122 3
1124 1
1125 1
1140 1
1143 46
1144 117
1148 3
1153 3
1154 9
1163 2
1164 2
1166 1
1173 3
1191 2
1199 8
1200 17
1201 8
1202 1
1204 12
1205 14
1209 8
1210 8
1211 4
1215 12
1243 2
1247 3
1253 28
1254 61
1260 17
1266 4
1269 3
1271 3
1346 13
1351 1
1352 1
1357 1
1373 3
1374 4
1637 10
1639 2
1640 3
1641 2
1642 3
1646 2
1647 2
1672 3
1673 5
1674 3
1675 3
1678 1
1680 1
1681 1
1683 2
1684 2
1688 2
1690 2
1698 4
1705 2
1708 2
1733 4
1735 1
1740 2
1743 4
1744 4
1745 3
1746 1
1747 1
1748 1
1759 2
1760 2
1762 2
1764 1
1765 3
1770 5
1771 5
1773 3
1779 2
1788 2
1792 1
1793 2
1817 2
1823 1
1824 1
1825 1
1829 3
1834 3
1836 1
1838 2
1842 5
1847 2
1863 6
1939 4
1943 19
1944 1
1947 6
1948 2
1949 4
1950 2
1955 3
1965 9
1971 23
1972 14
1975 3
1976 2
1977 1
1979 18
1980 8
1984 2
1990 1
1992 3
1993 2
1995 2
1997 3
1999 3
2000 1
2001 2
2013 2
2014 2
2015 3
2026 5
2027 4
2028 5
2038 2
2039 2
2040 4
2042 2
2047 3
2246 3
2250 3
2256 2
2259 2
2267 2
2279 3
2282 3
2284 3
2285 6
2292 2
2293 24
2295 10
2300 10
2302 12
2304 1
2305 1
2308 5
2310 10
2311 32
2315 12
2316 3
2325 2
2329 4
2331 1
2338 4
2341 2
2345 3
2347 2
2357 1
2362 3
2365 1
2371 1
2372 5
2380 3
2387 1
2390 3
2394 3
2395 1
2396 1
2397 1
2401 1
2406 8
2538 1
2598 1
2600 2
2602 15
2604 2
2606 107
2607 19
2615 13
2640 2
2650 4
2652 2
2653 1
2687 5
2689 2
2690 2
2691 1
2727 5
2749 3
fn=handle_preload_list
183 6
806 2
810 4
811 4
812 2
814 2
816 12
817 6
825 6
869 13
870 3
874 7
877 8
878 6
880 8
881 4
887 2
889 4
891 4
892 2
895 9
fn=init_tls
734 4
736 2
740 3
746 2
749 1
750 1
751 1
755 1
757 1
761 2
762 2
763 14
764 5
765 10
769 3
771 1
773 3
776 2
779 1
786 2
787 2
793 2
797 1
800 5
fn=map_doit
641 12
643 8
644 12
646 6
fn=version_check_doit
674 6
676 6
680 3
fl=./elf/./get-dynamic-info.h
fn=_dl_start
45 75
49 36
51 10
52 5
54 20
55 16
56 5
59 4
62 4
64 4
68 18
72 3
84 4
85 3
86 4
87 4
88 5
89 3
90 4
91 4
103 10
110 3
123 3
129 3
130 3
133 2
134 3
139 5
142 5
fn=dl_main
39 4
43 1
45 107
49 52
51 12
52 6
54 25
55 21
56 5
59 4
62 4
64 4
68 26
72 7
84 3
85 5
86 5
87 5
88 4
89 5
90 5
91 5
103 9
110 3
115 2
122 3
123 4
129 3
147 4
152 2
154 2
156 2
158 2
159 2
162 4
164 3
165 2
174 2
175 3
180 2
181 3
184 3
fl=./elf/./setup-vdso.h
fn=dl_main
24 2
fl=./io/../sysdeps/unix/sysv/linux/access.c
fn=access
25 1
27 7
31 1
fl=./io/../sysdeps/unix/sysv/linux/close_nocancel.c
fn=__GI___close_nocancel
25 4
26 16
27 4
fl=./io/../sysdeps/unix/sysv/linux/fstat64.c
fn=fstat
30 5
39 20
72 5
fl=./io/../sysdeps/unix/sysv/linux/fstatat64.c
fn=fstatat
91 6
146 6
160 4
161 11
162 1
fl=./io/../sysdeps/unix/sysv/linux/open64_nocancel.c
fn=__open_nocancel
28 32
31 56
39 68
41 16
fl=./io/../sysdeps/unix/sysv/linux/pread64_nocancel.c
fn=__pread64_nocancel
25 4
26 8
27 2
fl=./io/../sysdeps/unix/sysv/linux/read_nocancel.c
fn=__read_nocancel
25 3
26 12
27 3
fl=./io/../sysdeps/unix/sysv/linux/stat64.c
fn=stat
28 6
29 12
fl=./io/../sysdeps/unix/sysv/linux/write.c
fn=write
25 40001
26 240006
27 40001
fl=./libio/../include/sys/sysmacros.h
fn=_IO_file_doallocate
47 6
fl=./libio/./libio/filedoalloc.c
fn=_IO_file_doallocate
78 11
84 9
86 4
89 2
91 2
94 2
97 4
101 3
102 2
104 4
105 1
106 9
fl=./libio/./libio/fileops.c
fn=_IO_do_write@@GLIBC_2.2.5
424 360013
426 210010
427 240009
434 60002
441 120004
444 30001
449 150005
450 150005
452 90003
453 60002
454 30001
455 60002
456 120004
fn=_IO_file_overflow@@GLIBC_2.2.5
732 26399088
733 13199544
740 16499428
743 2
745 2
746 6
755 3
764 3
765 1
766 1
767 1
768 1
769 3
771 3
772 5
773 2
775 6599772
776 20004
777 3309887
778 6579768
781 9869652
782 9869652
783 13159536
784 80000
785 60000
787 3289884
788 19789314
fn=_IO_file_setbuf@@GLIBC_2.2.5
382 6
383 3
386 1
388 3
390 2
391 3
fn=_IO_file_stat
1147 1
1148 2
fn=_IO_file_sync@@GLIBC_2.2.5
793 7
798 4
800 1
801 2
812 2
816 5
fn=_IO_file_write@@GLIBC_2.2.5
1174 320008
1175 80002
1176 240006
1180 120003
1181 120003
1182 80002
1187 40001
1188 40001
1190 120003
1191 120003
1194 240006
fn=_IO_file_xsputn@@GLIBC_2.2.5
434 20000
441 40000
444 10000
449 60000
450 60000
452 30000
453 20000
454 10000
455 20000
456 40000
1198 90027
1200 1
1204 40012
1205 10003
1211 40012
1213 40010
1214 20004
1217 10032
1219 36
1228 3
1229 2
1232 30000
1234 20004
1236 50010
1237 10002
1238 30006
1240 20004
1244 60006
1250 20002
1251 50005
1253 30003
1256 20000
1257 20000
1264 20002
1265 40004
1267 30003
1268 90027
fl=./libio/./libio/genops.c
fn=_IO_cleanup
776 6
777 10
780 13
784 3
785 36
792 7
794 6
796 4
798 2
800 3
801 1
805 5
807 3
814 3
816 30
817 3
821 7
822 2
842 12
843 2
855 12
fn=_IO_default_setbuf
330 5
332 1
333 1
337 2
452 10
453 5
455 4
457 3
458 2
462 1
466 4
467 1
468 6
fn=_IO_default_xsputn
371 110011
373 20002
374 40004
375 10001
379 13199536
399 32918832
401 3289883
404 80008
fn=_IO_doallocbuf
343 8
344 2
346 3
347 5
350 6
fn=_IO_flush_all
686 12
687 3
691 6
692 9
695 12
697 3
698 36
700 20
705 4
706 3
708 33
709 3
713 7
714 2
718 12
fn=_IO_setb
329 11
330 4
332 1
333 1
335 6
338 6
fn=__overflow
199 5
201 3
203 3
204 2
fl=./libio/./libio/iofwrite.c
fn=fwrite
31 90000
32 20000
35 60000
37 140000
38 50000
39 70000
45 40000
46 10000
49 90000
fl=./libio/./libio/libioP.h
fn=_IO_cleanup
1025 3
1026 2
fn=_IO_default_setbuf
1025 3
1026 2
fn=_IO_default_xsputn
1025 6589767
1026 6579766
fn=_IO_do_write@@GLIBC_2.2.5
1025 90003
1026 60002
fn=_IO_doallocbuf
1025 3
1026 2
fn=_IO_file_doallocate
1025 3
1026 2
fn=_IO_file_xsputn@@GLIBC_2.2.5
1025 50003
1026 40002
fn=_IO_flush_all
1025 4
1026 2
fn=__overflow
1025 3
1026 2
fn=fwrite
979 20000
980 90000
1025 20000
1026 20000
fn=putchar
979 2
980 8
fl=./libio/./libio/putchar.c
fn=putchar
25 10
27 14
28 7
31 7
fl=./libio/./libio/vtables.c
fn=check_stdfiles_vtables
545 1
546 4
547 3
548 3
550 1
fl=./malloc/../string/bits/string_fortified.h
fn=tcache_init.part.0
59 88
fl=./malloc/../sysdeps/unix/sysv/linux/not-cancel.h
fn=ptmalloc_init.part.0
97 6
fl=./malloc/./malloc/arena.c
fn=malloc
153 2
264 1
fn=ptmalloc_init.part.0
262 8
267 1
292 2
296 3
300 4
301 4
302 4
303 4
304 4
305 4
306 4
308 4
309 4
310 4
313 4
314 4
316 2
326 8
fl=./malloc/./malloc/malloc.c
fn=_int_malloc
1326 4
1345 12
1794 2
2008 8
2017 2
2552 6
2553 1
2564 2
2589 4
2590 2
2599 4
2608 3
2669 3
2677 2
2678 3
2691 3
2693 1
2699 5
2707 2
2709 4
2710 3
2711 1
2712 1
2715 2
2744 3
2745 1
2746 2
2752 8
2755 4
2782 2
2783 1
2795 3
2814 2
2817 2
2818 6
2820 1
2821 6
2833 5
2873 1
2875 1
2876 5
2877 1
2888 3
2921 3
2922 1
2926 1
2930 5
2932 1
2933 1
2934 1
2935 7
2936 2
2938 1
3846 22
3882 1
3887 4
3914 4
3977 4
3979 6
3980 2
3982 3
4039 5
4040 3
4058 4
4059 6
4060 6
4070 11
4257 6
4259 4
4262 3
4263 2
4330 2
4331 4
4332 4
4333 4
4334 12
4339 8
4343 15
4346 12
4443 2
4444 4
4446 4
4449 6
4451 1
4452 2
4453 1
4454 8
4456 2
4459 2
4460 6
4461 2
4466 4
4482 1
4487 24
fn=alloc_perturb
1985 6
1987 2
fn=malloc
1326 2
1345 5
3248 4
3294 8
3301 2
3311 2
3313 4
3316 2
3317 4
3318 3
3326 2
3328 4
3329 5
3354 6
fn=ptmalloc_init.part.0
1946 385
1949 381
1957 1
1958 1
1960 1
3143 2
fn=tcache_init.part.0
3242 4
3251 8
3252 3
3253 2
3261 4
3270 2
3274 3
fl=./malloc/./malloc/morecore.c
fn=__glibc_morecore
25 6
26 4
29 2
30 4
34 4
fl=./malloc/./malloc/scratch_buffer_set_array_size.c
fn=__libc_scratch_buffer_set_array_size
30 39
34 3
35 6
45 6
46 3
63 18
fl=./misc/../sysdeps/unix/syscall-template.S
fn=mprotect
117 25
122 5
fn=munmap
117 5
122 1
fl=./misc/../sysdeps/unix/sysv/linux/brk.c
fn=brk
36 2
37 4
38 4
44 2
45 2
fl=./misc/../sysdeps/unix/sysv/linux/brk_call.h
fn=brk
24 4
fl=./misc/../sysdeps/unix/sysv/linux/mmap64.c
fn=mmap
47 112
50 32
53 68
58 96
60 64
fl=./misc/../sysdeps/unix/sysv/linux/setvmaname.c
fn=__set_vma_name
33 11
35 7
40 7
47 1
49 6
fl=./misc/./misc/init-misc.c
fn=__init_misc
30 5
31 6
33 3
37 5
38 3
40 4
fl=./misc/./misc/sbrk.c
fn=sbrk
37 16
40 4
43 4
58 4
59 4
62 4
63 2
66 4
74 3
78 14
fl=./nptl/../sysdeps/unix/sysv/linux/x86/elision-conf.c
fn=__lll_elision_init
92 8
96 5
98 4
100 4
102 4
104 4
107 3
108 1
109 6
fl=./nptl/./nptl/libc-cleanup.c
fn=__libc_cleanup_pop_restore
54 2
55 2
57 4
59 2
60 6
71 2
fn=__libc_cleanup_push_defer
24 2
25 2
27 4
29 4
32 4
46 6
48 2
49 2
fl=./nptl/./nptl/pthread_mutex_conf.c
fn=__pthread_tunables_init
55 8
56 5
58 4
60 4
62 6
fl=./nptl/./nptl/pthread_mutex_lock.c
fn=pthread_mutex_lock@@GLIBC_2.2.5
44 1
45 7
46 1
77 5
80 3
82 1
84 2
88 2
97 2
108 4
112 1
115 2
124 1
130 3
131 2
179 1
182 1
184 1
187 1
190 3
fl=./nptl/./nptl/pthread_mutex_unlock.c
fn=pthread_mutex_unlock@@GLIBC_2.2.5
39 1
40 4
41 1
51 3
52 2
57 2
62 1
65 1
70 1
72 1
74 2
80 4
84 3
87 2
367 4
369 2
fl=./posix/../malloc/dynarray-skeleton.c
fn=__unregister_atfork
243 3
fl=./posix/../sysdeps/unix/sysv/linux/_exit.c
fn=_Exit
27 2
30 4
fl=./posix/./posix/register-atfork.c
fn=__unregister_atfork
71 6
82 18
83 12
109 12
110 9
fl=./resource/../sysdeps/unix/sysv/linux/getrlimit64.c
fn=getrlimit
38 2
39 7
40 1
fl=./setjmp/../sysdeps/x86_64/bsd-_setjmp.S
fn=_setjmp
28 1
30 1
32 1
fl=./setjmp/../sysdeps/x86_64/setjmp.S
fn=__sigsetjmp
31 6
33 6
42 6
43 12
44 6
48 6
49 6
50 6
51 6
52 6
54 12
56 6
57 6
58 6
60 12
62 6
67 1
68 1
70 5
73 5
74 5
81 5
82 5
85 1
fl=./setjmp/./setjmp/sigjmp.c
fn=__sigjmp_save
28 6
29 1
30 2
34 4
fl=./stdio-common/../include/printf_buffer.h
fn=__printf_buffer_to_file_init
124 6
127 3
128 3
137 6
fl=./stdio-common/../libio/libioP.h
fn=__printf_buffer_to_file_done
1025 9
1026 6
fl=./stdio-common/../string/bits/string_fortified.h
fn=__printf_buffer_write
29 9
fl=./stdio-common/./stdio-common/Xprintf_buffer_done.c
fn=__printf_buffer_done
25 3
26 9
31 6
33 36
40 3
fl=./stdio-common/./stdio-common/Xprintf_buffer_write.c
fn=__printf_buffer_write
27 24
28 9
31 18
33 15
36 3
37 6
40 9
41 3
44 18
fl=./stdio-common/./stdio-common/printf-parse.h
fn=__printf_buffer
82 15
fl=./stdio-common/./stdio-common/printf_buffer_to_file.c
fn=__printf_buffer_to_file_done
51 12
53 12
58 9
59 18
65 6
66 3
117 24
118 9
121 6
122 15
fn=__printf_buffer_to_file_init
108 3
109 6
111 3
112 3
fn=__printf_buffer_to_file_switch
29 6
30 30
40 6
41 6
44 24
45 6
fl=./stdio-common/./stdio-common/vfprintf-internal.c
fn=__printf_buffer
600 45
627 15
638 12
653 9
654 6
655 9
659 6
1044 33
fn=__vfprintf_internal
1522 39
1525 20
1529 15
1540 6
1543 12
1544 15
1545 9
1567 33
fl=./stdlib/./stdlib/cxa_atexit.c
fn=__cxa_atexit
41 2
43 8
44 2
46 2
52 3
53 1
54 1
55 1
56 1
57 4
58 1
67 7
69 6
fn=__new_exitfn
80 5
81 1
86 2
91 10
93 4
101 1
122 1
123 1
134 1
136 1
137 1
141 5
fl=./stdlib/./stdlib/cxa_finalize.c
fn=__cxa_finalize
30 30
33 21
36 21
40 21
93 21
97 18
105 6
106 12
107 24
fl=./stdlib/./stdlib/cxa_thread_atexit_impl.c
fn=__call_tls_dtors
148 5
149 4
165 4
fl=./stdlib/./stdlib/exit.c
fn=__run_exit_handlers
38 12
40 2
41 2
43 5
54 2
56 2
60 1
64 6
66 2
67 1
69 7
94 2
101 1
102 1
103 1
104 3
107 4
108 3
109 4
113 3
119 3
120 2
126 4
128 2
129 2
131 2
fn=exit
137 3
138 4
fl=./stdlib/./stdlib/rand.c
fn=rand
26 1572864
27 524288
28 1048576
fl=./stdlib/./stdlib/random.c
fn=random
288 3670016
291 1572864
293 1572864
295 2097152
297 524288
298 2621440
fn=srand
209 6
210 4
211 3
212 4
213 3
fl=./stdlib/./stdlib/random_r.c
fn=random_r
354 524288
357 2097152
360 524288
362 1572864
370 524288
371 524288
372 524288
375 1572864
377 1048576
378 1031664
379 1048576
382 524288
387 1014752
388 33824
390 524288
391 524288
393 524288
398 524288
fn=srandom_r
162 2
170 2
172 1
173 2
176 1
180 4
181 2
184 3
186 1
187 63
192 240
193 60
194 90
196 90
197 60
200 6
202 1
203 622
210 2
362 930
370 310
371 310
372 310
375 620
378 310
379 620
381 20
382 310
388 600
390 310
391 310
fl=./string/../include/rtld-malloc.h
fn=strdup
56 8
fl=./string/../string/strcspn.c
fn=strcspn
32 12
33 6
34 4
39 12
40 8
41 8
42 8
44 2
47 18
48 12
51 8
52 8
53 8
54 8
56 6
61 18
62 36
63 36
64 36
65 18
67 108
69 2
70 8
71 6
fl=./string/../sysdeps/x86/cacheinfo.c
fn=__x86_cacheinfo
86 1
fl=./string/../sysdeps/x86/cacheinfo.h
fn=__x86_cacheinfo
59 1
62 3
64 3
65 1
71 3
73 3
74 1
78 2
80 2
81 2
82 2
84 2
86 2
fl=./string/../sysdeps/x86_64/multiarch/../multiarch/memcmp-sse2.S
fn=bcmp
59 1
71 1
72 1
94 1
95 1
140 1
141 1
143 1
144 1
146 1
147 1
149 1
150 1
197 1
198 1
199 1
200 1
201 1
202 1
fl=./string/../sysdeps/x86_64/multiarch/../multiarch/memset-vec-unaligned-erms.S
fn=memset
132 8
133 40
138 8
139 8
142 3
143 3
244 3
245 3
257 3
260 3
261 3
273 3
274 3
287 3
288 3
290 3
293 2
296 4
299 50
300 50
301 50
302 50
303 50
304 50
305 50
308 3
309 3
310 3
311 3
316 3
350 5
352 5
353 5
392 5
393 5
395 5
fl=./string/../sysdeps/x86_64/multiarch/../multiarch/strchr-sse2.S
fn=index
32 17
33 17
34 17
35 17
36 17
37 17
38 17
39 17
40 17
41 17
42 17
43 17
44 17
45 17
46 17
47 17
48 17
49 17
50 14
54 14
55 14
56 14
57 14
59 14
63 3
64 3
65 3
66 3
67 3
68 3
69 3
70 3
71 3
72 3
73 3
74 3
75 3
76 3
77 3
78 3
79 3
80 3
81 3
82 3
83 3
84 3
85 3
86 3
138 3
142 3
143 3
144 3
145 3
147 3
fl=./string/../sysdeps/x86_64/multiarch/../multiarch/strcmp-sse2.S
fn=strcmp
98 266
131 266
132 266
134 266
135 266
156 266
157 266
158 223
159 223
160 202
161 202
162 202
163 202
180 202
181 202
182 202
183 202
184 202
185 202
186 202
191 18
192 54
201 82
202 82
203 82
204 82
205 82
206 82
207 82
208 82
209 78
210 38
211 38
212 38
214 78
215 78
216 78
217 78
218 78
219 78
229 4
230 4
231 4
233 4
239 4
240 4
241 4
242 4
243 4
248 4
250 2
251 2
252 4
260 2
261 2
264 2
265 2
266 2
267 2
268 2
269 2
300 6
301 6
302 6
303 6
304 6
306 6
307 6
308 6
309 6
310 6
311 6
312 6
313 6
316 6
317 6
318 6
324 6
325 6
326 12
330 6
331 6
334 6
335 6
336 6
338 6
339 6
340 6
344 6
345 6
346 6
347 6
348 6
349 6
424 1
425 1
426 1
427 1
428 1
430 1
431 1
432 1
433 1
434 1
435 1
436 1
437 1
440 1
441 1
442 1
448 1
449 1
450 2
454 1
455 1
458 1
459 1
460 1
462 1
463 1
464 1
468 1
469 1
470 1
471 1
472 1
473 1
661 1
662 1
663 1
664 1
665 1
667 1
668 1
669 1
670 1
671 1
672 1
673 1
780 3
781 3
782 3
783 3
784 3
786 3
787 3
788 3
789 3
790 3
791 3
792 3
793 2
797 2
798 2
799 2
805 2
806 2
807 4
811 2
812 2
815 2
816 2
817 2
819 2
820 2
821 2
825 2
826 2
827 2
828 2
829 2
830 2
899 4
900 4
901 4
902 4
903 4
905 4
906 4
907 4
908 4
909 4
910 4
911 4
912 3
916 3
917 3
918 3
924 3
925 3
926 6
930 3
931 3
934 3
935 3
936 3
938 3
939 3
940 3
944 3
945 3
946 3
947 3
948 3
949 3
956 1
957 1
959 1
960 1
962 1
963 1
964 1
966 1
967 1
968 1
972 1
973 1
974 1
975 1
976 1
977 1
1018 3
1019 3
1020 3
1021 3
1022 3
1024 3
1025 3
1026 3
1027 3
1028 3
1029 3
1030 3
1031 3
1035 3
1036 3
1037 3
1043 3
1044 3
1045 6
1049 3
1050 3
1053 3
1054 3
1055 3
1057 3
1058 3
1059 3
1063 3
1064 3
1065 3
1066 3
1067 3
1068 3
1137 6
1138 6
1139 6
1140 6
1141 6
1143 6
1144 6
1145 6
1146 6
1147 6
1148 6
1149 6
1150 1
1154 1
1155 1
1156 1
1162 1
1163 1
1164 2
1168 1
1169 1
1172 1
1173 1
1174 1
1176 1
1177 1
1178 1
1182 1
1183 1
1184 1
1185 1
1186 1
1187 1
1256 4
1257 4
1258 4
1259 4
1260 4
1262 4
1263 4
1264 4
1265 4
1266 4
1267 4
1268 4
1375 4
1376 4
1377 4
1378 4
1379 4
1381 4
1382 4
1383 4
1384 4
1385 4
1386 4
1387 4
1494 9
1495 9
1496 9
1497 9
1498 9
1500 9
1501 9
1502 9
1503 9
1504 9
1505 9
1506 9
1507 6
1511 6
1512 6
1513 6
1519 6
1520 6
1521 12
1525 6
1526 6
1529 6
1530 6
1531 6
1533 6
1534 6
1535 6
1539 6
1540 6
1541 6
1542 6
1543 6
1544 6
1613 13
1614 13
1615 13
1616 13
1617 13
1619 13
1620 13
1621 13
1622 13
1623 13
1624 13
1625 13
1626 2
1630 2
1631 2
1632 2
1638 2
1639 2
1640 4
1644 2
1645 2
1648 2
1649 2
1650 2
1652 2
1653 2
1654 2
1658 2
1659 2
1660 2
1661 2
1662 2
1663 2
1670 1
1671 1
1673 1
1674 1
1676 1
1677 1
1678 1
1680 1
1681 1
1682 1
1686 1
1687 1
1688 1
1689 1
1690 1
1691 1
1732 10
1733 10
1734 10
1735 10
1736 10
1738 10
1739 10
1740 10
1741 10
1742 10
1743 10
1744 10
1745 7
1749 7
1750 7
1751 7
1757 7
1758 7
1759 14
1763 7
1764 7
1767 7
1768 7
1769 7
1771 7
1772 7
1773 7
1777 7
1778 7
1779 7
1780 7
1781 7
1782 7
1789 1
1790 1
1792 1
1793 1
1795 1
1796 1
1797 1
1799 1
1800 1
1801 1
1805 1
1806 1
1807 1
1808 1
1809 1
1810 1
1851 7
1852 7
1853 7
1854 7
1855 7
1857 7
1858 7
1859 7
1860 7
1861 7
1862 7
1863 7
1864 4
1868 4
1869 4
1870 4
1876 4
1877 4
1878 8
1882 4
1883 4
1886 4
1887 4
1888 4
1890 4
1891 4
1892 4
1896 4
1897 4
1898 4
1899 4
1900 4
1901 4
1970 7
1971 7
1972 7
1973 7
1974 7
1976 7
1977 7
1978 7
1979 7
1980 7
1981 7
1982 7
2093 37
2095 82
2096 82
2097 82
2098 82
2099 76
2104 266
2110 266
2111 266
2119 266
2120 266
fn=strncmp
98 1
125 1
126 1
127 1
128 1
129 1
131 1
132 1
134 1
135 1
156 1
157 1
158 1
159 1
160 1
161 1
162 1
163 1
180 1
181 1
182 1
183 1
184 1
185 1
186 1
2104 1
2107 1
2108 1
2110 1
2111 1
2119 1
2120 1
fl=./string/../sysdeps/x86_64/multiarch/../multiarch/strlen-sse2.S
fn=strlen
57 20
101 20
102 20
103 20
104 20
105 20
106 20
107 20
109 20
111 20
142 20
143 20
144 20
145 20
146 20
147 9
149 9
153 11
154 11
155 11
156 11
157 11
158 11
159 11
160 11
161 11
162 11
163 11
164 11
169 88
fl=./string/../sysdeps/x86_64/multiarch/ifunc-avx2.h
fn=memrchr
38 4
40 3
41 2
42 3
45 2
46 2
49 3
52 6
fn=rindex
38 4
40 3
41 2
42 3
45 2
46 2
49 3
52 6
fn=strchrnul
38 4
40 3
41 2
42 3
45 2
46 2
49 3
52 6
fn=strlen
38 8
40 6
41 4
42 6
45 4
46 4
49 6
52 12
fn=strnlen
38 8
40 6
41 4
42 6
45 4
46 4
49 6
52 12
fl=./string/../sysdeps/x86_64/multiarch/ifunc-evex.h
fn=memchr
37 4
38 3
39 3
42 2
43 2
45 2
51 3
54 4
fl=./string/../sysdeps/x86_64/multiarch/ifunc-memcmp.h
fn=bcmp
34 5
35 2
36 2
37 3
40 2
41 2
44 3
47 4
fl=./string/../sysdeps/x86_64/multiarch/ifunc-memmove.h
fn=memcpy@@GLIBC_2.14
56 2
57 3
60 3
61 2
74 2
77 2
85 2
93 2
96 5
fn=memmove
56 2
57 3
60 3
61 2
74 2
77 2
85 2
93 2
96 5
fn=mempcpy
56 2
57 3
60 3
61 2
74 2
77 2
85 2
93 2
96 5
fl=./string/../sysdeps/x86_64/multiarch/ifunc-memset.h
fn=memset
54 5
57 3
58 2
64 2
73 2
75 2
85 2
93 2
96 5
fl=./string/../sysdeps/x86_64/multiarch/ifunc-sse4_2.h
fn=strcspn
36 5
fn=strpbrk
36 5
fn=strspn
36 5
fl=./string/../sysdeps/x86_64/multiarch/ifunc-strcasecmp.h
fn=strcasecmp
36 4
37 2
38 3
41 2
42 2
45 3
48 5
fn=strcasecmp_l
36 4
37 2
38 3
41 2
42 2
45 3
48 5
fn=strncasecmp
36 4
37 2
38 3
41 2
42 2
45 3
48 5
fn=strncasecmp_l
36 4
37 2
38 3
41 2
42 2
45 3
48 5
fl=./string/../sysdeps/x86_64/multiarch/ifunc-strcpy.h
fn=stpcpy
38 4
39 3
42 2
43 2
46 3
49 3
fn=strcat
38 4
39 3
42 2
43 2
46 3
49 3
fn=strcpy
38 4
39 3
42 2
43 2
46 3
49 3
fl=./string/../sysdeps/x86_64/multiarch/ifunc-strncpy.h
fn=stpncpy
35 5
36 3
39 2
40 2
43 3
46 4
fn=strncpy
35 5
36 3
39 2
40 2
43 3
46 4
fl=./string/../sysdeps/x86_64/multiarch/memchr.c
fn=memchr
29 2
fl=./string/../sysdeps/x86_64/multiarch/memcmp.c
fn=bcmp
29 4
fl=./string/../sysdeps/x86_64/multiarch/memcmpeq.c
fn=memcpy@@GLIBC_2.14
29 1
fl=./string/../sysdeps/x86_64/multiarch/memmove-vec-unaligned-erms.S
fn=__memcpy_avx_unaligned_erms
255 3
256 3
262 10005
263 10005
265 10000
266 10000
267 10000
305 5
306 5
308 5
309 5
311 5
315 5
331 5
332 5
333 5
334 5
335 5
386 10000
387 10000
392 10000
393 10000
417 10000
418 10000
422 10000
424 10000
428 10000
429 10000
440 10000
443 10000
445 10000
447 10000
451 10000
452 10000
461 10000
462 10000
464 10000
466 10000
467 10000
468 10000
471 10000
473 10000
475 10000
477 20000
483 60001
484 60001
485 60001
486 60001
487 60001
488 60001
489 60001
490 60001
491 60001
492 60001
493 60001
494 60001
496 10000
497 10000
498 10000
499 10000
501 10000
505 20000
fn=__mempcpy_avx_unaligned_erms
242 10002
243 10002
244 10002
245 10002
fn=memcpy
210 23
211 23
217 40
218 40
220 25
221 25
222 25
224 15
225 15
226 15
228 15
308 15
309 15
311 3
315 3
316 3
317 3
318 1
319 1
323 1
325 3
364 12
365 12
366 12
367 12
368 12
375 10
376 10
377 10
378 10
379 10
380 10
381 10
392 10
393 10
395 10
396 10
397 10
fn=mempcpy
197 17
198 17
199 17
200 17
fl=./string/../sysdeps/x86_64/multiarch/memmove.c
fn=memmove
29 1
fl=./string/../sysdeps/x86_64/multiarch/mempcpy.c
fn=mempcpy
33 1
fl=./string/../sysdeps/x86_64/multiarch/memrchr.c
fn=memrchr
29 3
fl=./string/../sysdeps/x86_64/multiarch/memset.c
fn=memset
29 1
fl=./string/../sysdeps/x86_64/multiarch/stpcpy.c
fn=stpcpy
33 3
fl=./string/../sysdeps/x86_64/multiarch/stpncpy.c
fn=stpncpy
31 3
fl=./string/../sysdeps/x86_64/multiarch/strcasecmp.c
fn=strcasecmp
31 3
fl=./string/../sysdeps/x86_64/multiarch/strcasecmp_l.c
fn=strcasecmp_l
31 3
fl=./string/../sysdeps/x86_64/multiarch/strcat.c
fn=strcat
29 3
fl=./string/../sysdeps/x86_64/multiarch/strchr-avx2.S
fn=__strchrnul_avx2
53 3
55 3
56 3
57 3
58 3
59 3
62 3
63 3
67 3
68 3
69 3
70 3
71 3
72 3
73 3
74 3
87 3
89 6
fl=./string/../sysdeps/x86_64/multiarch/strchr.c
fn=index
42 4
43 2
44 3
47 2
48 2
51 3
54 3
65 3
fl=./string/../sysdeps/x86_64/multiarch/strchrnul.c
fn=strchrnul
31 3
fl=./string/../sysdeps/x86_64/multiarch/strcmp.c
fn=strcmp
47 8
48 4
49 6
52 4
53 4
56 6
59 6
79 6
fl=./string/../sysdeps/x86_64/multiarch/strcpy.c
fn=strcpy
29 3
fl=./string/../sysdeps/x86_64/multiarch/strcspn.c
fn=strcspn
29 2
fl=./string/../sysdeps/x86_64/multiarch/strlen.c
fn=strlen
29 6
fl=./string/../sysdeps/x86_64/multiarch/strncase.c
fn=strncasecmp
31 3
fl=./string/../sysdeps/x86_64/multiarch/strncase_l.c
fn=strncasecmp_l
31 3
fl=./string/../sysdeps/x86_64/multiarch/strncmp.c
fn=strncmp
43 4
44 2
45 3
48 2
49 2
52 3
55 5
67 3
fl=./string/../sysdeps/x86_64/multiarch/strncpy.c
fn=strncpy
29 3
fl=./string/../sysdeps/x86_64/multiarch/strnlen.c
fn=strnlen
31 6
fl=./string/../sysdeps/x86_64/multiarch/strpbrk.c
fn=strpbrk
29 2
fl=./string/../sysdeps/x86_64/multiarch/strrchr-avx2.S
fn=__strrchr_avx2
53 1
54 1
55 1
57 1
58 1
62 1
63 1
64 1
67 1
69 1
70 1
71 1
72 1
75 1
76 1
78 1
79 1
80 1
81 1
82 1
91 2
fl=./string/../sysdeps/x86_64/multiarch/strrchr.c
fn=rindex
28 3
fl=./string/../sysdeps/x86_64/multiarch/strspn.c
fn=strspn
29 2
fl=./string/../sysdeps/x86_64/multiarch/strstr.c
fn=strstr
51 4
58 4
64 2
fl=./string/./string/strdup.c
fn=strdup
40 24
41 8
44 8
47 16
48 12
fl=./time/../sysdeps/unix/sysv/linux/dl-vdso.h
fn=time
40 2
41 2
fl=./time/../sysdeps/unix/sysv/linux/time.c
fn=time
38 3
fn=time_syscall
31 1
32 4
33 1
fl=./wcsmbs/../sysdeps/x86_64/multiarch/ifunc-avx2.h
fn=wcschr
38 8
40 6
41 4
42 6
45 4
46 4
49 6
52 12
fn=wcscmp
38 4
40 3
41 2
42 3
45 2
46 2
49 3
52 6
fl=./wcsmbs/../sysdeps/x86_64/multiarch/ifunc-evex.h
fn=wmemchr
37 8
38 6
39 6
42 4
43 4
45 4
51 6
54 8
fl=./wcsmbs/../sysdeps/x86_64/multiarch/ifunc-memcmp.h
fn=wmemcmp
34 5
35 2
36 2
37 3
40 2
41 2
44 3
47 4
fl=./wcsmbs/../sysdeps/x86_64/multiarch/ifunc-wcs.h
fn=wcpncpy
39 4
40 3
41 3
44 2
45 3
48 4
fn=wcscat
39 4
40 3
41 3
44 2
45 3
48 4
fn=wcsncpy
39 4
40 3
41 3
44 2
45 3
48 4
fl=./wcsmbs/../sysdeps/x86_64/multiarch/ifunc-wcslen.h
fn=wcslen
40 4
41 2
42 3
45 2
46 2
49 3
52 3
fn=wcsnlen
40 4
41 2
42 3
45 2
46 2
49 3
52 3
fl=./wcsmbs/../sysdeps/x86_64/multiarch/ifunc-wmemset.h
fn=wmemset
36 10
37 6
fl=./wcsmbs/../sysdeps/x86_64/multiarch/wcpcpy.c
fn=wcpncpy
31 1
fl=./wcsmbs/../sysdeps/x86_64/multiarch/wcpncpy.c
fn=wcpncpy
31 1
fl=./wcsmbs/../sysdeps/x86_64/multiarch/wcscat.c
fn=wcscat
31 2
fn=wcschr
31 2
fl=./wcsmbs/../sysdeps/x86_64/multiarch/wcschr.c
fn=wcschr
31 4
fl=./wcsmbs/../sysdeps/x86_64/multiarch/wcscmp.c
fn=wcscmp
30 3
fl=./wcsmbs/../sysdeps/x86_64/multiarch/wcscpy.c
fn=wcscpy
42 4
43 2
44 3
46 2
47 3
50 3
60 2
fl=./wcsmbs/../sysdeps/x86_64/multiarch/wcslen.c
fn=wcslen
29 3
fl=./wcsmbs/../sysdeps/x86_64/multiarch/wcsncpy.c
fn=wcsncpy
31 2
fl=./wcsmbs/../sysdeps/x86_64/multiarch/wcsnlen.c
fn=wcsnlen
30 3
fl=./wcsmbs/../sysdeps/x86_64/multiarch/wmemchr.c
fn=wmemchr
31 4
fl=./wcsmbs/../sysdeps/x86_64/multiarch/wmemcmp.c
fn=wmemcmp
29 4
fl=./wcsmbs/../sysdeps/x86_64/multiarch/wmemset.c
fn=wmemset
31 4
fl=/home/jenny/Projecten/game_of_optimization/src/main.c
fn=fill_segment_chunks
85 3932160000
86 7864320000
93 3686400000
259 491520000
260 122880000
261 245760000
262 245760000
263 245760000
264 245760000
265 245760000
266 245760000
267 245760000
269 245760000
270 245760000
271 245760000
272 245760000
273 245760000
274 245760000
275 245760000
276 245760000
278 245760000
279 245760000
280 245760000
281 245760000
282 245760000
283 245760000
284 245760000
285 245760000
286 368640000
fn=generate_bitmap_translation_table
181 1
182 1533
183 6132
184 3066
185 3066
186 1533
187 1022
188 2560
190 1
fn=generate_segment_chunks
296 655360000
297 5365760000
300 81920000
302 286720000
307 245760000
312 245760000
328 40960000
331 3727360000
332 1228800000
338 40960000
341 5283840000
342 2662400000
343 3932160000
344 2662400000
345 3932160000
346 2662400000
347 3932160000
348 2662400000
349 3932160000
350 2662400000
351 3932160000
352 2662400000
353 3932160000
354 2662400000
355 3932160000
356 2744320000
357 3932160000
359 450560000
fn=generate_segment_format
162 2
163 134
164 2070
173 1
fn=infest_random
85 786432
86 2359297
99 786432
127 524288
128 786432
376 4
377 5
378 524289
379 786432
380 1572864
382 4
fn=main
86 122880000
105 163840000
106 163840000
107 122880000
108 122880000
109 122880000
110 122880000
111 122880000
112 122880000
177 14
362 20000
363 20000
364 10000
366 81940000
367 40960000
368 81920000
369 122880000
370 81920000
371 245760000
384 12
385 3
387 1
389 2
444 20001
445 10000
453 12
fn=print_world.constprop.0
134 3840000
139 140000
140 8000000
142 10000
144 7700000
145 3840000
146 5760000
147 5780000
148 122880000
150 3840000
152 5760000
154 7680000
155 1920000
156 3840000
159 60000
160 110000
fl=/usr/include/x86_64-linux-gnu/bits/stdio2.h
fn=main
86 17
fl=/usr/lib/gcc/x86_64-linux-gnu/13/include/avx2intrin.h
fn=generate_segment_chunks
121 2949120000
181 4792320000
684 2908160000
775 7618560000
fl=/usr/lib/gcc/x86_64-linux-gnu/13/include/avxintrin.h
fn=generate_segment_chunks
917 245760000
fl=???
fn=(below main)
0 12
fn=???
0 1088884
summary: 113386527346
